100101036092
100101036085
100101036070
100101036067
100101036064
100101036061
100101036060
100101036056
100101036046
100101036045
100101036041
100101036036
100101036033
100101036032
100101036028
100101036027
100101036969
100101036966
100101036960
100101036954
100101036935
100101036929
100101036925
100101036924
100101036915
100101036911
100101036910
100101036909
100101036908
100101036906
100101036904
100101036894
100101036892
100101036891
100101036887
100101036886
100101036884
100101036866
100101036862
100101036860
100101036843
100101036840
100101036832
100101036830
100101036017
100101036004
100101036001
100101035989
100101035981
100101035972
