100201006726
100201006727
100201006728
100201006729
100201006730
100201006731
100201006732
100201006735
100201006736
100201006737
100201006740
100201006741
100201006742
100201006743
100201006745
100201006746
100201006747
100201006749
100201006752
100201006753
100201006754
100201006755
100201006756
100201006757
100201006759
100201006760
100201006761
100201006764
100201006765
100201006766
100201006767
100201006769
100201006771
100201006772
100201006773
100201006776
100201006780
100201006781
100201006782
100201006784
100201006786
100201006787
100201006788
100201006789
100201006790
100201006791
100201006792
100201006793
100201006794
100201006795
