100201006489
100201006490
100201006492
100201006495
100201006497
100201006499
100201006500
100201006501
100201006504
100201006505
100201006506
100201006508
100201006510
100201006511
100201006512
100201006513
100201006516
100201006520
100201006521
100201006522
100201006524
100201006525
100201006526
100201006527
100201006529
100201006530
100201006531
100201006532
100201006534
100201006535
100201006536
100201006537
100201006538
100201006541
100201006542
100201006543
100201006544
100201006546
100201006547
100201006548
100201006549
100201006551
100201006555
100201006556
100201006557
100201006559
100201006560
100201006561
100201006562
100201006563
